10 11 32 85 86 97 62 91 96 9 35 95 
30 63 31 43 54 41 45 69 
37 58 70 77 78 89 1 86 6 33 43 58 70 
25 39 45 61 75 19 13 39 54 77 89 
9 21 65 71 99 11 12 13 72 28 47 73 82 
53 92 27 42 74 78 84 
26 34 38 40 47 96 23 18 27 81 93 
1 67 79 88 18 26 59 11 60 68 85 
8 14 20 24 28 54 56 59 60 98 2 20 29 37 38 57 76 92 90 97 
33 83 95 30 39 86 
93 32 33 25 42 
17 27 46 0 22 3 26 31 
64 71 98 20 23 91 
18 22 10 14 66 83 10 66 75 79 83 88 
48 7 17 47 65 67 77 24 57 
7 19 57 81 91 8 68 81 93 99 0 12 
2 94 15 49 60 5 16 48 61 71 
3 72 44 46 50 4 37 40 53 
12 80 9 45 56 7 36 38 64 74 78 96 99 
0 31 69 21 28 55 63 89 94 2 52 92 
4 16 35 84 87 90 82 14 15 51 63 65 
50 52 55 66 74 82 3 4 5 41 69 75 85 88 30 32 87 98 
51 76 34 8 34 46 
29 36 70 80 87 90 17 29 80 84 
5 15 23 43 44 49 6 35 48 97 59 
6 36 42 51 58 79 72 94 
13 16 61 44 50 55 
62 73 25 40 1 76 
41 68 52 53 64 73 95 49 56 62 
24 19 21 22 67 
0 0 0 0 0 0 0 0 0 0 1 1 1 1 1 1 1 1 1 1 2 2 2 2 2 2 2 2 2 2